1662
1479
1465
1582
1610
1318
1465
1280
1475
1347
1320
1555
1542
1420
1408
1462
1408
1581
1587
1459
1254
1457
1550
1432
1549
1507
1356
1590
1571
1663
1643
1500
1579
1471
1380
1464
1422
1341
1620
1423
1327
1404
1509
1446
1430
1495
1520
1410
1557
1563
1293
1561
1654
1374
1522
1438
1514
1593
1565
1528
1377
1419
1618
1435
1703
1578
1400
1541
1454
1361
1353
1592
1578
1466
1438
1475
1543
1595
1552
1513
1440
1518
1506
1323
1495
1707
1559
1434
1540
1445
1597
1491
1722
1385
1179
1579
1560
1610
1691
1387
1578
1598
1514
1453
1522
1533
1580
1477
1387
1497
1648
1424
1539
1800
1636
1573
1527
1427
1499
1344
1568
1294
1420
1439
1517
1522
1489
1557
1443
1373
1436
1413
1459
1475
1561
1521
1384
1443
1413
1467
1473
1487
1520
1534
1426
1623
1623
1439
1374
1405
1469
1509
1394
1520
1512
1528
1594
1470
1546
1545
1561
1362
1564
1425
1500
1496
1388
1568
1573
1492
1598
1511
1671
1436
1321
1348
1499
1452
1429
1362
1638
1478
1645
1495
1489
1566
1546
1200
1691
1460
1516
1570
1634
1571
1645
1447
1622
1543
1458
1528
1520
1524
1655
1445
1674
1537
1484
1427
1418
1612
1536
1441
1476
1663
1567
1677
1407
1530
1583
1348
1557
1391
1564
1471
1681
1512
1436
1513
1329
1615
1493
1467
1675
1653
1408
1400
1651
1358
1519
1366
1544
1631
1610
1645
1583
1326
1549
1521
1536
1544
1618
1543
1524
1447
1663
1469
1566
1531
1457
1628
1384
1497
1520
1441
1538
1488
1638
1368
1490
1533
1435
1770
1519
1608
1670
1508
1465
1456
1456
1574
1504
1473
1682
1328
1619
1627
1557
1590
1443
1504
1557
1369
1668
1452
1621
1401
1472
1570
1560
1546
1573
1587
1517
1349
1462
1421
1385
1350
1508
1569
1487
1600
1436
1601
1434
1568
1514
1467
1414
1542
1476
1617
1602
1463
1509
1493
1485
1582
1573
1468
1476
1602
1344
1500
1468
1490
1556
1332
1494
1311
1500
1495
1570
1642
1502
1547
1533
1637
1476
1463
1749
1625
1366
1490
1407
1414
1628
1434
1422
1480
1500
1583
1259
1355
1648
1638
1575
1656
1583
1513
1471
1471
1559
1556
1422
1482
1588
1557
1431
1471
1536
1607
1375
1561
1550
1490
1578
1482
1544
1465
1421
1518
1712
1475
1272
1614
1475
1581
1471
1527
1362
1400
1571
1385
1678
1604
1468
1534
1394
1435
1450
1508
1362
1516
1416
1461
1422
1540
1583
1297
1590
1523
1375
1676
1429
1460
1696
1565
1572
1374
1500
1597
1693
1450
1657
1377
1455
1266
1363
1479
1453
1670
1412
1414
1373
1481
1596
1393
1728
1392
1286
1443
1315
1510
1694
1586
1528
1486
1473
1482
1571
1493
1655
1487
1496
1451
1447
1561
1483
1410
1474
1534
1660
1636
1403
1597
1542
1553
1514
1464
1589
1446
1316
1587
1397
1717
1399
1544
1606
1415
1428
1537
1472
1355
1525
1469
1463
1613
1467
1375
1475
1430
1480
1566
1409
1471
1502
1490
1440
1618
1565
1472
1450
1576
1713
1436
1576
1530
1323
1563
1542
1542
1402
1384
1438
1438
1534
1366
1535
1698
1589
1612
1539
1327
1565
1668
1439
1602
1636
1607
1691
1550
1612
1686
1442
1338
1373
1457
1317
1389
1495
1579
1554
1507
1354
1519
1685
1500
1431
1547
1401
1533
1578
1424
1463
1563
1701
1546
1484
1677
1777
1420
1500
1555
1527
1532
1391
1648
1577
1432
1410
1385
1471
1575
1710
1556
1438
1670
1657
1244
1448
1538
1503
1566
1566
1549
1581
1665
1275
1561
1620
1470
1427
1343
1545
1751
1483
1585
1346
1539
1468
1473
1515
1480
1455
1475
1440
1604
1451
1585
1515
1655
1530
1434
1567
1388
1498
1524
1612
1562
1496
1732
1614
1475
1589
1540
1455
1536
1656
1405
1462
1379
1740
1564
1367
1405
1546
1363
1490
1375
1480
1529
1379
1801
1578
1557
1575
1329
1495
1423
1563
1427
1559
1678
1573
1383
1394
1498
1679
1381
1520
1522
1584
1624
1462
1529
1464
1622
1412
1475
1439
1464
1601
1580
1328
1531
1421
1398
1529
1491
1442
1635
1371
1569
1467
1661
1506
1600
1529
1498
1501
1681
1490
1660
1435
1481
1649
1440
1636
1497
1540
1547
1625
1457
1481
1492
1663
1309
1543
1475
1502
1634
1580
1323
1750
1514
1643
1432
1430
1479
1525
1427
1521
1568
1577
1465
1490
1482
1506
1511
1615
1557
1509
1547
1334
1409
1527
1622
1517
1439
1568
1561
1380
1517
1271
1477
1529
1618
1562
1499
1590
1440
1408
1535
1504
1696
1741
1477
1494
1606
1519
1585
1407
1470
1653
1636
1419
1279
1510
1576
1529
1424
1560
1545
1725
1437
1269
1552
1401
1547
1461
1704
1474
1614
1384
1591
1489
1828
1352
1687
1497
1694
1484
1335
1356
1678
1451
1376
1397
1340
1385
1464
1469
1411
1453
1513
1441
1649
1295
1549
1515
1403
1374
1446
1446
1621
1482
1447
1550
1427
1678
1446
1496
1627
1458
1429
1630
1368
1542
1599
1525
1671
1439
1495
1424
1557
1552
1397
1610
1521
1413
1506
1707
1373
1609
1387
1402
1343
1629
1461
1544
1500
1531
1523
1570
1578
1495
1448
1563
1757
1590
1546
1520
1361
1517
1424
1434
1539
1423
1393
1632
1370
1377
1404
1533
1442
1485
1626
1529
1358
1578
1315
1429
1559
1681
1453
1408
1439
1454
1563
1579
1383
1521
1325
1543
1648
1665
1561
1464
1579
1562
1313
1525
1569
1578
1532
1314
1551
1273
1544
1731
1391
1602
1399
1455
1474
1636
1461
1553
1622
1562
1591
1389
1501
1398
1658
1428
1453
1567
1517
1465
1494
1373
1487
1489
1677
1533
1504
1432
1398
1602
1620
1485
1514
1537
1543
1417
1390
1375
1371
1402
1484
1590
1557
1481
1357
1586
1619
1566
1702
1339
1479
1273
1529
1401
1450
1738
1632
1513
1594
1517
1505
1549
1492
1499
1570
1443
1443
1528
1542
1565
1439
1492
1585
1405
1446
1592
1444
1421
1605
1473
1169
1578
1462
1503
1565
1595
1516
1338
1597
1463
1447
1508
1528
1375
1401
1516
1520
1621
1475
1434
1463
1553
1368
1608
1526
1310
1548
1561
1422
1493
1521
1651
1386
1655
1248
1596
1327
1438
1813
1556
1617
1540
1435
1480
1507
1462
1600
1381
1438
1504
1419
1631
1420
1401
1280
1675
1475
1680
1455
1465
1515
1583
1515
1493
1486
1539
1358
1397
1480
1555
1434
1591
1352
1420
1493
1459
1389
1623
1392
1608
1406
1401
1583
1566
1487
1536
1607
1518
1462
1472
1351
1314
1442
1481
1458
1477
1487
1625
1498
1489
1583
1424
1500
1549
1703
1674
1477
1487
1638
1650
1396
1549
1460
1426
1593
1342
1608
1432
1532
1601
1545
1484
1683
1496
1546
1567
1352
1563
1512
1720
1654
1521
1448
1477
1506
1681
1512
1619
1315
1664
1487
1656
1518
1604
1542
1615
1457
1679
1479
1625
1421
1476
1642
1538
1342
1491
1416
1505
1549
1568
1634
1663
1564
1374
1471
1585
1553
1637
1553
1397
1558
1401
1574
1411
1329
1560
1468
1449
1527
1472
1345
1475
1443
1469
1508
1472
1391
1603
1513
1430
1558
1407
1417
1303
1501
1450
1506
1489
1501
1598
1593
1387
1620
1588
1445
1639
1556
1558
1451
1532
1456
1416
1341
1348
1588
1514
1398
1502
1412
1368
1411
1387
1665
1467
1376
1551
1510
1486
1634
1473
1734
1594
1404
1384
1536
1271
1583
1358
1456
1517
1506
1541
1357
1410
1363
1568
1522
1511
1647
1476
1322
1634
1420
1613
1376
1410
1572
1583
1483
1506
1358
1588
1338
1441
1421
1490
1532
1550
1478
1716
1528
1394
1728
1516
1338
1463
1499
1383
1294
1421
1568
1377
1538
1543
1533
1619
1427
1409
1438
1622
1495
1487
1473
1577
1560
1652
1572
1501
1694
1559
1560
1481
1514
1643
1502
1459
1524
1521
1662
1365
1519
1506
1586
1389
1370
1466
1460
1493
1550
1440
1531
1523
1581
1486
1590
1646
1500
1486
1543
1629
1558
1455
1728
1400
1536
1422
1412
1337
1392
1611
1622
1395
1435
1500
1560
1537
1639
1414
1406
1613
1569
1735
1507
1565
1513
1669
1526
1382
1583
1486
1736
1369
1396
1352
1384
1540
1490
1534
1557
1592
1541
1655
1480
1462
1519
1561
1521
1448
1531
1697
1567
1799
1465
1538
1439
1504
1446
1475
1360
1507
1590
1313
1637
1451
1616
1556
1593
1283
1510
1539
1497
1442
1376
1493
1552
1496
1681
1605
1500
1421
1550
1499
1437
1477
1560
1398
1470
1451
1474
1396
1421
1539
1593
1453
1439
1548
1433
1692
1545
1474
1528
1429
1454
1492
1375
1402
1600
1510
1404
1467
1410
1348
1482
1421
1673
1624
1540
1490
1439
1574
1717
1503
1534
1529
1358
1596
1404
1334
1607
1411
1755
1402
1555
1387
1489
1368
1307
1407
1684
1662
1654
1462
1302
1714
1542
1361
1402
1541
1587
1642
1412
1443
1500
1465
1500
1401
1568
1461
1505
1367
1385
1463
1600
1637
1700
1366
1501
1535
1484
1558
1523
1382
1606
1643
1280
1473
1486
1234
1450
1505
1533
1404
1348
1420
1516
1440
1594
1323
1538
1398
1692
1492
1557
1285
1559
1698
1619
1496
1583
1612
1489
1424
1571
1555
1493
1603
1537
1536
1548
1515
1673
1561
1397
1544
1471
1508
1399
1601
1474
1507
1540
1416
1650
1476
1371
1476
1525
1715
1505
1490
1420
1537
1466
1347
1571
1424
1449
1480
1459
1364
1285
1527
1526
1609
1627
1471
1531
1463
1600
1521
1206
1560
1353
1582
1660
1473
1628
1393
1487
1548
1486
1472
1616
1628
1295
1431
1490
1526
1387
1494
1523
1461
1712
1356
1578
1537
1501
1558
1448
1436
1518
1358
1435
1327
1467
1422
1618
1401
1381
1543
1640
1553
1542
1425
1484
1627
1466
1359
1366
1373
1508
1444
1465
1559
1522
1458
1362
1540
1711
1603
1546
1588
1418
1427
1512
1446
1408
1422
1596
1676
1443
1441
1482
1609
1443
1431
1326
1451
1571
1707
1652
1652
1408
1373
1289
1456
1592
1352
1746
1243
1577
1528
1552
1496
1504
1379
1458
1489
1502
1509
1532
1547
1390
1537
1667
1441
1586
1516
1586
1549
1722
1463
1503
1594
1489
1605
1475
1511
1414
1429
1492
1485
1340
1406
1526
1465
1275
1608
1542
1349
1389
1530
1583
1530
1570
1589
1327
1482
1626
1537
1515
1380
1519
1522
1462
1392
1409
1403
1416
1714
1267
1423
1525
1445
1533
1575
1476
1528
1437
1611
1619
1418
1416
1406
1735
1580
1190
1343
1592
1546
1437
1456
1489
1570
1440
1353
1410
1353
1522
1540
1361
1384
1505
1518
1612
1577
1548
1494
1389
1392
1348
1540
1557
1686
1633
1594
1475
1499
1458
1585
1345
1392
1407
1380
1438
1557
1579
1623
1612
1535
1499
1417
1417
1527
1516
1412
1557
1500
1441
1644
1557
1442
1438
1470
1608
1569
1467
1596
1506
1667
1366
1519
1619
1646
1351
1456
1504
1439
1574
1558
1573
1410
1648
1536
1425
1648
1363
1561
1460
1401
1588
1617
1589
1402
1699
1424
1496
1764
1420
1568
1521
1625
1311
1484
1474
1538
1619
1307
1369
1364
1411
1506
1488
1594
1758
1450
1487
1443
1572
1458
1338
1452
1635
1675
1536
1483
1436
1402
1500
1648
1473
1450
1687
1457
1583
1525
1564
1501
1461
1605
1477
1547
1483
1338
1604
1536
1704
1361
1444
1247
1656
1463
1492
1656
1555
1622
1541
1751
1432
1604
1511
1615
1571
1540
1443
1509
1371
1663
1689
1397
1450
1564
1510
1332
1641
1558
1472
1441
1327
1681
1470
1598
1703
1282
1465
1584
1552
1451
1303
1460
1507
1487
1585
1403
1738
1505
1511
1518
1602
1551
1451
1543
1359
1572
1630
1410
1507
1354
1312
1476
1587
1414
1412
1347
1473
1510
1600
1639
1549
1417
1585
1468
1243
1647
1503
1382
1478
1497
1420
1582
1595
1472
1666
1619
1416
1393
1490
1447
1573
1317
1609
1543
1579
1590
1475
1404
1483
1481
1499
1476
1518
1420
1356
1530
1364
1471
1455
1324
1603
1597
1414
1423
1574
1562
1526
1394
1713
1377
1623
1537
1515
1637
1545
1550
1631
1400
1506
1595
1570
1486
1649
1612
1418
1616
1535
1671
1587
1640
1472
1582
1417
1570
1461
1754
1414
1495
1586
1512
1447
1395
1412
1494
1618
1635
1667
1653
1559
1726
1524
1546
1458
1422
1485
1625
1518
1532
1579
1446
1378
1545
1665
1629
1608
1469
1548
1445
1455
1444
1449
1341
1412
1556
1492
1445
1586
1577
1422
1472
1417
1316
1465
1407
1554
1512
1471
1486
1580
1484
1553
1610
1565
1483
1400
1551
1533
1359
1492
1373
1351
1451
1524
1440
1650
1569
1472
1561
1375
1419
1539
1457
1635
1593
1580
1514
1568
1551
1503
1650
1370
1542
1274
1541
1529
1406
1451
1421
1506
1502
1391
1697
1458
1686
1562
1657
1503
1621
1608
1553
1594
1530
1626
1561
1648
1360
1632
1332
1504
1651
1396
1570
1578
1732
1498
1480
1605
1477
1553
1520
1386
1474
1536
1590
1394
1409
1623
1395
1490
1521
1519
1473
1532
1532
1485
1445
1467
1425
1519
1621
1520
1585
1600
1442
1413
1692
1439
1459
1536
1537
1520
1427
1422
1545
1436
1608
1641
1498
1588
1475
1400
1464
1523
1508
1489
1551
1180
1369
1592
1418
1730
1371
1423
1564
1309
1494
1502
1683
1483
1762
1473
1515
1642
1508
1398
1555
1358
1427
1632
1663
1409
1503
1457
1510
1573
1523
1408
1599
1655
1409
1499
1498
1586
1609
1351
1739
1436
1499
1624
1414
1633
1612
1469
1364
1444
1618
1469
1424
1433
1485
1678
1643
1276
1550
1435
1607
1305
1488
1589
1455
1568
1563
1500
1336
1396
1569
1516
1573
1459
1442
1319
1298
1403
1522
1577
1325
1411
1620
1469
1413
1347
1486
1472
1501
1524
1572
1553
1527
1441
1436
1362
1568
1393
1332
1406
1298
1613
1507
1436
1354
1629
1451
1476
1565
1360
1686
1664
1484
1396
1685
1461
1573
1649
1521
1652
1546
1529
1558
1415
1417
1456
1519
1582
1511
1506
1659
1288
1547
1471
1350
1277
1411
1473
1458
1455
1324
1341
1527
1404
1467
1459
1549
1588
1401
1373
1406
1415
1418
1518
1560
1375
1591
1496
1366
1456
1460
1365
1539
1595
1434
1453
1484
1511
1450
1391
1500
1603
1600
1572
1391
1657
1534
1462
1530
1540
1553
1594
1375
1545
1442
1515
1544
1500
1647
1362
1449
1430
1427
1534
1685
1527
1454
1529
1658
1506
1451
1446
1512
1643
1679
1601
1400
1473
1653
1566
1621
1496
1503
1627
1403
1452
1438
1477
1631
1581
1356
1546
1592
1276
1492
1487
1335
1479
1575
1566
1448
1496
1603
1584
1402
1438
1639
1403
1438
1533
1411
1477
1441
1691
1540
1721
1488
1505
1378
1433
1643
1589
1520
1620
1446
1579
1668
1542
1304
1482
1512
1472
1590
1434
1567
1632
1662
1582
1623
1297
1473
1450
1571
1655
1589
1556
1573
1643
1465
1716
1485
1517
1515
1421
1550
1571
1467
1462
1695
1447
1523
1397
1436
1473
1413
1484
1361
1464
1313
1485
1500
1539
1374
1324
1523
1467
1542
1498
1661
1453
1436
1306
1382
1503
1429
1203
1538
1481
1649
1618
1535
1393
1457
1441
1588
1290
1482
1492
1366
1655
1579
1571
1529
1674
1624
1570
1323
1455
1596
1350
1358
1446
1596
1557
1396
1466
1296
1398
1327
1522
1463
1514
1504
1664
1430
1398
1446
1593
1327
1421
1472
1413
1373
1474
1475
1413
1295
1468
1507
1478
1466
1599
1495
1608
1592
1814
1443
1442
1600
1441
1604
1679
1280
1393
1530
1461
1430
1492
1433
1641
1571
1581
1645
1404
1483
1486
1654
1468
1345
1439
1487
1570
1586
1654
1491
1419
1483
1656
1444
1531
1518
1487
1403
1374
1611
1626
1612
1416
1508
1579
1509
1453
1428
1543
1670
1589
1573
1563
1517
1448
1459
1479
1677
1758
1478
1487
1347
1684
1606
1556
1528
1328
1532
1361
1339
1633
1511
1409
1578
1553
1442
1484
1425
1524
1705
1467
1495
1499
1704
1520
1542
1531
1455
1576
1392
1348
1495
1496
1708
1405
1520
1509
1558
1574
1411
1367
1470
1510
1481
1466
1513
1480
1614
1374
1475
1656
1434
1586
1610
1604
1507
1547
1752
1729
1480
1537
1563
1466
1420
1565
1536
1343
1580
1575
1464
1539
1593
1578
1601
1570
1577
1545
1452
1465
1477
1668
1465
1648
1461
1551
1557
1511
1566
1590
1521
1445
1436
1497
1467
1691
1503
1626
1569
1593
1591
1482
1622
1604
1493
1410
1530
1630
1491
1399
1699
1499
1546
1571
1456
1453
1411
1480
1525
1564
1234
1637
1419
1361
1437
1384
1511
1578
1378
1493
1642
1512
1499
1449
1478
1375
1532
1543
1458
1447
1476
1411
1401
1511
1628
1625
1463
1643
1477
1408
1559
1401
1601
1529
1509
1425
1603
1463
1537
1552
1545
1515
1493
1260
1352
1614
1357
1557
1494
1495
1615
1627
1621
1288
1468
1524
1417
1500
1529
1415
1497
1392
1473
1529
1598
1389
1448
1392
1659
1515
1571
1296
1394
1595
1322
1393
1379
1323
1594
1387
1517
1460
1390
1673
1636
1600
1489
1588
1590
1546
1641
1431
1527
1376
1509
1360
1411
1350
1526
1615
1196
1537
1526
1571
1359
1247
1465
1425
1533
1483
1559
1444
1539
1599
1623
1673
1553
1545
1636
1619
1524
1415
1396
1500
1433
1527
1565
1417
1561
1549
1521
1459
1493
1543
1415
1487
1720
1658
1569
1443
1533
1547
1391
1495
1428
1367
1642
1465
1408
1534
1515
1544
1440
1526
1472
1436
1620
1605
1499
1538
1446
1471
1473
1477
1573
1302
1598
1462
1425
1422
1542
1491
1558
1495
1631
1542
1575
1707
1482
1691
1438
1649
1580
1444
1460
1428
1575
1448
1478
1466
1420
1526
1426
1357
1491
1438
1648
1568
1543
1401
1515
1673
1468
1427
1467
1394
1558
1563
1441
1596
1499
1457
1549
1535
1619
1425
1486
1150
1507
1590
1573
1523
1435
1525
1691
1431
1586
1651
1555
1672
1492
1523
1622
1473
1565
1506
1487
1481
1302
1509
1349
1637
1548
1464
1631
1563
1526
1554
1498
1517
1459
1638
1568
1562
1477
1484
1576
1347
1669
1529
1729
1474
1593
1397
1596
1464
1581
1486
1394
1492
1481
1713
1522
1311
1614
1502
1380
1466
1486
1602
1613
1451
1403
1334
1428
1428
1226
1464
1495
1201
1650
1524
1361
1394
1437
1667
1562
1463
1599
1587
1436
1585
1497
1491
1567
1696
1489
1555
1653
1455
1577
1422
1432
1452
1530
1507
1538
1424
1582
1552
1477
1534
1432
1461
1405
1529
1526
1295
1586
1463
1534
1667
1570
1649
1469
1573
1452
1488
1482
1475
1362
1368
1372
1532
1496
1689
1336
1470
1457
1467
1360
1572
1559
1669
1668
1365
1492
1557
1489
1558
1327
1647
1475
1573
1512
1346
1425
1301
1599
1493
1691
1498
1486
1417
1472
1300
1382
1580
1391
1649
1372
1588
1421
1732
1761
1459
1441
1457
1519
1519
1439
1613
1472
1564
1528
1424
1520
1594
1470
1492
1420
1422
1605
1388
1437
1669
1565
1575
1515
1617
1394
1587
1535
1603
1411
1463
1334
1479
1508
1604
1393
1582
1475
1482
1352
1371
1439
1440
1523
1456
1467
1561
1542
1448
1696
1351
1287
1454
1271
1475
1484
1605
1477
1480
1576
1433
1471
1387
1576
1653
1663
1381
1507
1478
1339
1487
1510
1426
1448
1570
1430
1533
1552
1545
1482
1440
1496
1573
1336
1395
1432
1339
1320
1529
1372
1759
1595
1647
1604
1530
1528
1356
1598
1207
1450
1447
1509
1459
1431
1330
1558
1534
1454
1494
1594
1473
1520
1583
1446
1430
1553
1360
1699
1500
1456
1518
1433
1549
1325
1446
1330
1474
1441
1379
1513
1492
1479
1513
1583
1472
1620
1391
1516
1500
1619
1537
1391
1375
1489
1371
1574
1603
1342
1482
1446
1573
1426
1511
1467
1432
1421
1642
1483
1518
1405
1644
1702
1562
1767
1596
1469
1459
1451
1438
1465
1429
1375
1534
1442
1507
1544
1529
1548
1554
1503
1572
1710
1363
1476
1434
1360
1597
1467
1547
1441
1576
1495
1456
1534
1341
1531
1535
1624
1282
1592
1416
1461
1566
1474
1476
1557
1504
1472
1575
1464
1482
1536
1365
1458
1594
1466
1549
1651
1654
1528
1457
1444
1444
1451
1555
1455
1552
1378
1573
1620
1401
1497
1641
1584
1428
1526
1568
1574
1468
1358
1411
1593
1628
1572
1517
1449
1671
1502
1369
1494
1381
1429
1533
1356
1451
1681
1523
1562
1592
1576
1575
1537
1343
1552
1349
1568
1595
1405
1607
1550
1470
1430
1535
1586
1516
1501
1537
1296
1447
1399
1398
1627
1443
1427
1653
1437
1573
1349
1594
1373
1647
1269
1443
1558
1535
1531
1567
1528
1501
1443
1441
1341
1514
1575
1491
1457
1586
1701
1584
1473
1669
1471
1456
1368
1505
1505
1643
1460
1526
1420
1506
1584
1540
1443
1402
1221
1385
1431
1411
1298
1562
1491
1392
1605
1603
1662
1376
1560
1317
1415
1543
1567
1645
1394
1557
1426
1556
1443
1411
1394
1495
1425
1480
1579
1364
1403
1472
1471
1480
1434
1515
1654
1463
1500
1485
1411
1496
1506
1408
1420
1531
1538
1630
1635
1520
1606
1520
1621
1480
1563
1527
1614
1152
1480
1466
1553
1473
1506
1522
1463
1733
1565
1519
1500
1420
1568
1381
1433
1567
1372
1679
1563
1245
1346
1586
1520
1456
1482
1488
1650
1605
1467
1356
1445
1377
1564
1590
1514
1501
1413
1421
1602
1658
1439
1631
1348
1553
1470
1452
1483
1534
1414
1631
1413
1427
1592
1640
1616
1455
1374
1420
1418
1563
1461
1444
1388
1561
1558
1432
1438
1426
1561
1566
1457
1580
1572
1422
1492
1383
1455
1566
1362
1421
1623
1612
1474
1399
1567
1535
1509
1329
1530
1529
1514
1451
1515
1514
1354
1715
1555
1665
1476
1486
1549
1616
1414
1499
1453
1543
1269
1494
1523
1768
1433
1407
1637
1373
1415
1527
1516
1521
1476
1545
1326
1402
1285
1460
1528
1508
1427
1400
1571
1498
1452
1560
1450
1550
1451
1375
1630
1487
1631
1649
1278
1574
1470
1622
1561
1386
1510
1496
1375
1479
1546
1393
1512
1428
1311
1505
1401
1547
1507
1381
1528
1450
1248
1451
1322
1527
1477
1568
1409
1665
1507
1646
1555
1502
1303
1449
1535
1692
1621
1373
1212
1447
1620
1551
1484
1627
1379
1536
1461
1470
1482
1363
1545
1418
1415
1474
1489
1547
1424
1518
1354
1532
1486
1636
1612
1547
1470
1526
1537
1408
1609
1620
1614
1510
1536
1534
1410
1521
1303
1453
1348
1468
1465
1495
1567
1652
1370
1582
1477
1460
1444
1373
1611
1349
1424
1519
1297
1194
1726
1562
1487
1223
1589
1410
1358
1568
1382
1373
1549
1655
1461
1544
1505
1440
1532
1351
1511
1443
1386
1428
1684
1421
1421
1570
1553
1496
1382
1576
1423
1582
1481
1492
1551
1547
1446
1563
1532
1519
1456
1594
1537
1469
1448
1486
1666
1275
1507
1308
1333
1583
1417
1561
1438
1667
1481
1519
1482
1298
1591
1404
1588
1346
1294
1611
1583
1501
1514
1413
1661
1574
1446
1529
1570
1586
1505
1446
1699
1420
1440
1391
1495
1625
1427
1557
1557
1682
1377
1581
1578
1584
1585
1588
1683
1398
1279
1467
1586
1644
1475
1419
1446
1429
1476
1484
1390
1487
1655
1564
1485
1519
1592
1429
1519
1531
1482
1360
1560
1450
1472
1371
1489
1337
1552
1632
1351
1598
1647
1384
1591
1453
1381
1537
1301
1604
1610
1406
1545
1480
1562
1526
1516
1548
1527
1547
1370
1510
1344
1656
1516
1562
1472
1585
1398
1338
1522
1515
1376
1469
1199
1315
1559
1443
1503
1621
1577
1448
1532
1411
1398
1528
1505
1548
1419
1468
1335
1551
1479
1370
1657
1476
1455
1401
1490
1541
1613
1531
1582
1489
1695
1590
1540
1370
1552
1464
1443
1414
1633
1563
1565
1384
1490
1638
1648
1516
1557
1675
1521
1561
1548
1513
1531
1385
1421
1500
1574
1436
1559
1590
1653
1591
1561
1565
1343
1414
1561
1512
1598
1519
1637
1565
1456
1446
1482
1452
1327
1348
1627
1433
1581
1660
1406
1782
1364
1367
1448
1599
1496
1566
1459
1571
1497
1480
1548
1612
1500
1395
1631
1560
1321
1623
1324
1497
1425
1345
1429
1614
1318
1632
1506
1574
1418
1627
1478
1575
1575
1547
1584
1476
1493
1418
1306
1185
1406
1487
1513
1475
1484
1489
1647
1491
1418
1557
1486
1498
1269
1542
1568
1303
1565
1322
1576
1404
1636
1593
1701
1541
1401
1487
1406
1622
1500
1438
1521
1446
1402
1499
1386
1566
1595
1458
1523
1566
1449
1403
1513
1553
1489
1481
1476
1497
1534
1591
1388
1522
1444
1426
1544
1559
1543
1434
1613
1341
1329
1651
1275
1482
1605
1411
1518
1552
1219
1415
1600
1535
1512
1459
1485
1551
1320
1524
1493
1526
1417
1471
1590
1469
1541
1531
1417
1399
1644
1521
1516
1494
1443
1482
1560
1669
1482
1688
1280
1647
1659
1422
1492
1389
1436
1574
1445
1460
1472
1658
1379
1432
1675
1481
1326
1530
1521
1653
1533
1654
1486
1437
1709
1590
1583
1528
1409
1648
1538
1516
1442
1597
1504
1545
1469
1333
1461
1585
1493
1518
1428
1492
1493
1470
1612
1465
1583
1468
1386
1475
1423
1512
1532
1369
1645
1549
1424
1549
1416
1637
1630
1547
1507
1470
1508
1565
1444
1515
1523
1566
1703
1440
1651
1425
1468
1387
1554
1507
1510
1418
1538
1550
1530
1464
1567
1487
1519
1585
1466
1651
1633
1440
1554
1320
1474
1580
1394
1511
1451
1517
1510
1498
1452
1481
1397
1692
1413
1520
1549
1311
1754
1598
1517
1525
1538
1552
1691
1620
1493
1773
1563
1390
1787
1678
1517
1631
1526
1747
1603
1516
1487
1467
1496
1614
1489
1455
1614
1439
1719
1325
1650
1618
1462
1483
1519
1668
1436
1463
1427
1406
1469
1555
1572
1310
1460
1470
1454
1549
1544
1408
1526
1582
1673
1482
1387
1413
1454
1393
1486
1537
1389
1396
1534
1422
1613
1541
1496
1523
1258
1632
1415
1419
1696
1605
1514
1437
1619
1552
1453
1465
1460
1413
1564
1437
1613
1788
1361
1514
1690
1587
1563
1597
1605
1608
1386
1420
1445
1488
1418
1506
1369
1454
1578
1582
1538
1596
1345
1474
1639
1380
1636
1492
1430
1564
1616
1434
1475
1571
1459
1602
1492
1490
1524
1523
1577
1581
1437
1421
1465
1486
1619
1317
1351
1379
1462
1503
1503
1604
1579
1357
1598
1367
1563
1532
1418
1553
1470
1491
1537
1488
1536
1388
1359
1473
1462
1302
1481
1392
1443
1697
1526
1500
1498
1443
1756
1350
1536
1541
1689
1522
1590
1313
1716
1431
1670
1531
1488
1548
1606
1368
1552
1627
1347
1502
1611
1410
1565
1536
1570
1462
1532
1608
1603
1646
1328
1425
1631
1471
1534
1414
1386
1504
1542
1265
1547
1429
1500
1558
1591
1594
1594
1514
1485
1535
1547
1543
1376
1492
1402
1711
1330
1481
1764
1577
1421
1437
1556
1520
1490
1438
1568
1398
1583
1550
1474
1391
1435
1487
1428
1428
1273
1568
1426
1443
1475
1433
1526
1556
1548
1380
1361
1485
1609
1403
1460
1434
1450
1392
1500
1457
1404
1479
1517
1581
1544
1470
1481
1349
1591
1541
1460
1504
1447
1285
1592
1554
1629
1516
1519
1624
1349
1612
1519
1548
1492
1404
1595
1468
1629
1493
1574
1382
1516
1444
1434
1504
1582
1574
1433
1558
1649
1472
1450
1412
1481
1477
1588
1528
1513
1608
1399
1545
1631
1352
1581
1494
1494
1413
1525
1496
1505
1456
1407
1725
1567
1457
1423
1640
1607
1278
1363
1340
1608
1608
1494
1547
1323
1522
1659
1383
1495
1684
1488
1576
1580
1476
1536
1392
1748
1491
1587
1431
1361
1517
1480
1642
1484
1422
1402
1425
1546
1434
1463
1636
1623
1614
1461
1379
1561
1454
1539
1529
1337
1542
1497
1412
1493
1348
1509
1584
1499
1626
1508
1561
1625
1448
1557
1417
1420
1610
1466
1624
1429
1518
1371
1664
1535
1501
1441
1500
1487
1421
1357
1592
1579
1463
1443
1429
1512
1444
1484
1499
1451
1497
1585
1460
1211
1443
1614
1489
1510
1394
1414
1493
1506
1484
1550
1459
1316
1713
1554
1554
1401
1451
1510
1651
1635
1441
1486
1464
1618
1539
1592
1583
1233
1444
1330
1218
1434
1479
1819
1497
1495
1632
1426
1493
1529
1538
1673
1460
1471
1671
1513
1285
1455
1716
1734
1539
1518
1379
1547
1421
1589
1331
1409
1584
1563
1506
1392
1543
1600
1562
1492
1354
1579
1322
1479
1486
1626
1550
1707
1507
1495
1426
1494
1354
1485
1373
1447
1630
1538
1528
1473
1301
1622
1485
1497
1577
1421
1496
1451
1465
1690
1543
1490
1401
1429
1484
1547
1571
1574
1326
1259
1471
1569
1371
1377
1492
1436
1437
1415
1452
1458
1479
1519
1482
1402
1511
1342
1389
1367
1493
1418
1424
1394
1589
1402
1641
1518
1601
1632
1549
1423
1609
1617
1471
1466
1360
1511
1432
1584
1390
1618
1535
1586
1693
1465
1299
1520
1666
1504
1482
1501
1645
1561
1263
1431
1556
1262
1589
1614
1391
1294
1420
1500
1476
1607
1514
1458
1392
1460
1454
1508
1504
1486
1435
1380
1486
1672
1563
1625
1449
1614
1485
1365
1498
1512
1495
1685
1718
1401
1515
1424
1459
1477
1556
1560
1569
1541
1389
1559
1411
1585
1476
1519
1323
1508
1644
1508
1502
1466
1431
1747
1404
1434
1490
1596
1525
1412
1427
1386
1404
1447
1395
1528
1529
1427
1434
1677
1511
1520
1644
1509
1528
1455
1478
1466
1436
1314
1425
1493
1634
1388
1645
1525
1716
1491
1400
1485
1461
1641
1462
1634
1431
1464
1361
1485
1593
1587
1517
1328
1297
1476
1478
1564
1347
1527
1529
1612
1494
1529
1652
1544
1552
1576
1590
1484
1414
1386
1551
1569
1422
1536
1693
1704
1469
1415
1563
1594
1543
1559
1506
1510
1434
1368
1543
1360
1619
1629
1509
1509
1625
1545
1626
1514
1541
1384
1313
1544
1434
1477
1558
1620
1516
1509
1516
1433
1582
1439
1635
1421
1534
1497
1548
1348
1633
1288
1486
1457
1664
1620
1510
1575
1665
1416
1647
1425
1490
1526
1507
1545
1601
1440
1475
1643
1553
1524
1458
1366
1635
1429
1396
1500
1519
1565
1371
1603
1417
1464
1529
1588
1540
1510
1580
1400
1389
1360
1543
1659
1461
1592
1493
1500
1539
1657
1588
1479
1579
1509
1621
1505
1377
1548
1503
1534
1403
1770
1420
1437
1405
1339
1481
1368
1427
1526
1534
1530
1578
1599
1493
1286
1415
1589
1609
1638
1553
1647
1500
1403
1474
1573
1408
1473
1537
1535
1452
1536
1439
1416
1403
1446
1612
1433
1656
1482
1659
1412
1642
1418
1480
1457
1425
1527
1421
1472
1605
1533
1542
1608
1487
1484
1593
1851
1336
1412
1619
1690
1499
1692
1462
1513
1514
1497
1564
1437
1442
1543
1442
1650
1521
1419
1440
1433
1605
1468
1503
1570
1437
1417
1569
1449
1385
1614
1541
1525
1461
1533
1550
1559
1554
1398
1459
1480
1629
1556
1527
1386
1270
1560
1542
1424
1497
1422
1557
1470
1398
1389
1477
1259
1526
1438
1359
1441
1548
1393
1401
1483
1336
1452
1426
1662
1453
1469
1393
1554
1498
1480
1443
1412
1461
1567
1601
1756
1287
1410
1495
1450
1482
1551
1464
1509
1573
1396
1350
1589
1430
1495
1483
1563
1433
1427
1556
1585
1403
1630
1513
1510
1568
1577
1454
1655
1468
1619
1582
1501
1305
1702
1536
1642
1508
1496
1478
1524
1546
1515
1362
1522
1471
1413
1320
1585
1551
1417
1436
1319
1529
1476
1542
1388
1587
1527
1577
1469
1354
1590
1374
1507
1528
1317
1474
1374
1540
1615
1605
1509
1575
1727
1709
1519
1415
1386
1497
1608
1356
1490
1575
1627
1464
1497
1719
1529
1543
1535
1428
1370
1500
1521
1552
1465
1710
1672
1696
1497
1681
1451
1512
1406
1647
1562
1521
1430
1290
1428
1539
1464
1496
1409
1470
1289
1603
1479
1417
1475
1426
1513
1488
1337
1586
1385
1395
1455
1590
1526
1374
1380
1504
1551
1434
1462
1449
1415
1468
1527
1361
1408
1688
1493
1454
1424
1597
1446
1336
1525
1412
1509
1472
1637
1466
1612
1605
1367
1598
1736
1538
1217
1293
1530
1649
1578
1597
1529
1500
1480
1336
1643
1407
1533
1603
1611
1477
1524
1681
1324
1396
1379
1660
1372
1623
1544
1451
1472
1366
1325
1442
1484
1372
1448
1470
1421
1500
1368
1379
1474
1517
1443
1536
1634
1392
1383
1577
1290
1553
1307
1497
1404
1621
1467
1509
1530
1435
1612
1595
1454
1482
1445
1526
1443
1498
1415
1465
1504
1447
1611
1537
1636
1469
1619
1347
1596
1594
1513
1444
1293
1546
1688
1681
1517
1459
1225
1671
1497
1452
1444
1548
1558
1507
1599
1503
1503
1484
1549
1580
1498
1445
1494
1429
1417
1462
1559
1377
1454
1512
1426
1668
1299
1556
1638
1566
1490
1545
1621
1313
1535
1519
1401
1375
1448
1522
1621
1466
1522
1450
1611
1527
1685
1211
1693
1412
1542
1499
1494
1348
1859
1462
1209
1392
1489
1496
1417
1340
1761
1508
1493
1448
1312
1389
1679
1352
1557
1408
1422
1361
1519
1573
1630
1390
1728
1391
1440
1334
1436
1330
1545
1506
1545
1311
1451
1520
1441
1438
1397
1486
1651
1562
1647
1269
1528
1444
1397
1537
1418
1494
1489
1600
1494
1640
1553
1320
1357
1545
1334
1470
1446
1450
1476
1459
1427
1628
1484
1644
1803
1598
1506
1617
1480
1475
1503
1577
1415
1653
1599
1510
1547
1442
1447
1470
1408
1408
1532
1595
1498
1474
1437
1440
1592
1570
1591
1510
1430
1640
1513
1485
1596
1332
1544
1447
1614
1470
1478
1330
1554
1556
1466
1604
1679
1176
1574
1752
1390
1279
1323
1637
1531
1418
1677
1281
1476
1488
1492
1510
1628
1496
1555
1457
1478
1550
1334
1658
1418
1663
1612
1671
1329
1620
1419
1304
1410
1666
1584
1554
1472
1571
1605
1573
1383
1415
1373
1537
1493
1454
1741
1564
1596
1461
1537
1509
1602
1695
1509
1419
1567
1425
1629
1575
1466
1580
1523
1659
1389
1623
1767
1503
1555
1505
1589
1592
1455
1510
1436
1381
1382
1587
1565
1437
1407
1522
1567
1457
1619
1501
1511
1243
1501
1417
1616
1634
1488
1547
1538
1644
1708
1577
1369
1454
1657
1536
1401
1455
1539
1412
1656
1653
1497
1532
1625
1536
1483
1572
1636
1589
1512
1624
1427
1597
1420
1415
1577
1474
1596
1415
1683
1518
1469
1515
1651
1470
1544
1507
1652
1515
1498
1522
1723
1506
1522
1506
1347
1563
1512
1544
1597
1635
1458
1424
1580
1458
1352
1521
1559
1263
1493
1467
1678
1442
1532
1475
1306
1568
1515
1507
1502
1403
1553
1347
1494
1512
1399
1441
1700
1457
1546
1392
1510
1580
1515
1525
1413
1627
1727
1630
1472
1476
1428
1541
1445
1625
1560
1557
1504
1568
1483
1528
1629
1307
1635
1545
1482
1425
1598
1653
1542
1518
1355
1517
1418
1470
1638
1386
1609
1425
1507
1538
1662
1413
1419
1613
1438
1400
1666
1591
1541
1449
1454
1545
1420
1685
1539
1498
1575
1644
1454
1353
1448
1568
1539
1551
1456
1610
1541
1356
1514
1472
1682
1581
1421
1529
1431
1640
1647
1469
1451
1558
1535
1518
1633
1575
1470
1234
1471
1547
1611
1496
1527
1544
1394
1408
1485
1508
1652
1461
1547
1545
1538
1510
1587
1515
1466
1556
1417
1672
1503
1456
1301
1570
1566
1438
1557
1577
1479
1593
1554
1602
1657
1548
1633
1471
1740
1554
1384
1673
1719
1410
1588
1344
1508
1546
1501
1522
1532
1397
1441
1597
1386
1469
1434
1432
1589
1463
1458
1332
1486
1462
1349
1485
1409
1578
1356
1530
1652
1508
1533
1462
1566
1481
1642
1609
1468
1282
1507
1639
1604
1610
1548
1522
1753
1527
1395
1678
1618
1493
1472
1480
1577
1651
1589
1450
1409
1738
1498
1534
1478
1564
1548
1506
1428
1526
1481
1542
1505
1577
1668
1425
1495
1584
1516
1422
1284
1507
1488
1678
1552
1556
